57
52
81
43
92
68
88
37
14
93
54
64
42
4
20
97
23
2
47
30
5
26
14
2
49
100
89
48
35
100
38
87
6
83
10
9
53
40
58
93
100
91
41
58
96
99
87
68
85
19
67
96
71
14
80
6
76
34
22
9
32
93
92
72
75
32
64
81
67
45
5
28
87
74
54
79
45
55
76
56
6
83
86
44
84
45
59
92
4
1
94
47
72
70
32
86
93
26
93
85
58
81
44
13
18
54
1
89
28
14
48
34
57
46
35
97
31
63
78
32
63
11
3
72
47
1
47
25
33
47
53
61
49
57
45
45
6
60
71
29
55
4
78
66
87
37
17
64
15
24
10
30
96
35
23
39
40
13
52
86
7
83
18
40
71
27
8
22
38
91
33
12
38
49
21
78
56
66
88
49
52
82
51
51
8
14
5
54
95
68
70
67
30
74
9
16
58
75
42
98
76
20
30
26
11
17
35
97
73
82
35
70
82
47
33
49
9
54
29
77
65
63
30
12
5
22
43
22
17
36
15
33
85
61
82
37
92
88
98
5
56
14
12
27
3
30
46
94
96
97
27
38
34
59
65
42
16
63
28
86
92
35
14
8
76
18
4
81
46
76
86
42
44
29
99
25
43
13
64
2
18
83
88
87
66
81
82
93
52
98
78
2
81
25
40
85
80
57
24
66
19
80
56
84
7
10
23
19
29
17
8
94
17
26
84
28
13
57
45
45
56
22
33
5
6
42
67
97
88
38
5
98
23
18
63
44
12
35
61
43
40
77
28
51
93
18
46
6
81
31
45
36
49
20
63
11
47
3
30
19
28
81
1
7
90
92
44
63
7
98
14
53
57
58
100
29
32
28
58
5
100
83
11
88
84
27
53
83
45
73
81
11
86
78
98
85
30
31
50
88
69
52
37
30
29
23
66
12
73
81
63
25
95
45
62
90
73
22
95
9
84
69
32
33
49
42
90
67
55
28
16
86
95
68
72
16
44
70
99
38
5
36
33
80
87
96
76
67
100
28
92
65
79
17
85
84
35
26
86
95
42
27
11
59
47
11
75
35
6
97
13
23
96
58
7
94
15
84
91
42
23
43
8
35
25
92
9
87
9
10
74
11
49
94
87
49
29
13
24
43
80
9
55
19
58
17
46
81
81
94
70
77
47
41
94
69
2
80
44
35
56
10
18
90
11
65
27
68
80
74
63
66
91
68
77
68
97
49
85
77
54
42
33
93
9
59
29
55
5
32
8
25
34
1
5
34
98
12
17
58
87
92
99
64
75
13
50
63
7
24
98
48
100
40
98
88
84
81
25
72
70
26
56
67
96
27
51
29
20
78
52
20
72
77
98
5
82
65
29
60
52
71
39
51
19
35
21
95
60
74
59
48
2
67
3
41
76
12
89
34
98
10
68
50
88
2
86
93
60
94
88
45
48
73
42
54
43
39
27
15
88
49
25
52
51
1
9
78
63
74
84
48
50
26
12
21
10
50
17
33
94
54
12
9
69
48
38
70
59
28
74
29
23
14
72
65
9
66
56
83
37
18
57
84
73
89
11
41
26
82
3
62
89
95
99
64
13
28
87
76
22
17
31
93
94
33
68
21
28
74
45
36
95
46
56
10
27
5
23
29
56
87
13
82
16
44
99
46
54
19
85
34
78
10
23
91
74
38
66
91
28
12
71
79
47
87
43
61
48
20
63
5
90
44
75
32
99
26
36
87
23
35
62
96
18
64
22
65
90
65
34
31
68
1
62
74
60
77
100
96
39
92
82
70
19
61
24
72
37
93
24
45
7
77
26
61
77
12
68
67
13
99
38
86
54
28
32
8
82
30
57
33
42
80
84
62
20
90
59
24
39
93
85
85
71
25
18
14
97
10
94
9
53
27
42
78
61
72
82
76
25
18
78
37
24
75
24
97
25
60
87
37
15
72
89
74
7
48
84
74
67
5
81
62
18
98
81
96
76
16
43
2
97
52
99
91
81
12
80
54
12
11
74
88
79
34
16
34
10
9
70
19
33
12
42
24
87
40
29
96
25
30
70
38
30
95
65
18
26
2
70
49
36
38
70
78
19
52
16
20
20
68
98
86
10
1
40
51
39
40
80
83
65
18
91
49
83
85
22
52
83
27
80
93
97
3
2
40
27
83
54
55
74
19
81
27
16
12
64
10
20
82
32
83
90
57
6
29
4
75
49
86
25
13
74
47
57
14
63
26
89
51
99
55
87
42
40
96
65
16
39
54
37
36
18
63
8
39
61
96
55
16
12
45
48
26
56
11
70
46
41
100
78
11
78
77
29
50
13
75
75
36
49
59
62
4
16
56
41
86
39
10
8
24
81
23
93
23
58
70
95
50
22
12
15
58
63
36
65
78
48
50
44
86
98
64
39
49
14
95
12
48
72
27
65
53
52
71
60
87
74
31
88
95
73
35
94
89
38
91
52
49
27
26
44
36
80
70
52
12
75
88
3
18
1
26
43
37
95
54
31
89
72
24
29
47
32
61
40
75
11
74
33
17
71
16
8
85
44
62
46
72
49
72
93
62
41
28
65
24
1
57
6
65
73
55
9
99
65
86
72
89
32
66
11
32
73
33
23
25
95
57
38
33
38
18
14
28
96
40
59
54
58
40
34
18
4
45
79
91
63
92
51
74
6
69
74
65
9
33
11
86
52
85
64
66
53
85
9
54
53
51
65
75
36
78
72
46
21
90
31
66
3
78
52
50
15
45
51
3
6
57
21
74
69
12
13
4
60
60
100
33
30
17
31
40
19
44
19
99
70
73
84
5
77
19
61
27
23
91
100
30
76
14
23
44
47
37
29
35
47
25
51
96
26
23
57
20
99
3
59
56
82
31
55
21
49
78
15
48
55
79
31
23
41
36
21
90
25
43
95
85
7
90
45
63
59
28
98
24
11
68
17
4
57
54
81
74
24
23
17
36
62
2
78
8
22
37
60
36
56
29
46
53
62
45
34
7
85
3
80
54
38
72
88
20
55
89
1
6
1
15
88
60
94
49
18
82
70
100
53
75
19
90
65
39
93
12
21
86
88
12
93
67
47
67
56
22
97
33
33
26
20
97
51
94
59
52
50
47
88
42
7
37
38
26
58
71
14
26
47
15
5
13
78
30
19
48
47
10
90
55
4
65
2
46
19
90
81
18
26
6
93
27
36
29
35
32
4
72
26
18
55
13
79
4
37
94
83
68
23
25
10
35
98
9
73
3
36
68
43
28
56
90
29
66
57
94
59
1
94
20
34
48
14
23
27
3
76
93
94
93
94
94
96
50
16
61
43
88
66
56
76
92
26
39
10
33
70
68
51
56
71
48
23
97
99
54
86
62
17
84
15
38
95
55
57
83
87
69
39
35
36
62
44
93
60
66
95
100
78
33
23
7
86
58
55
30
63
16
27
4
66
15
24
54
66
39
18
42
89
37
8
90
83
24
72
12
98
61
58
22
92
66
52
31
2
61
31
93
32
91
63
23
96
64
42
80
21
92
65
78
89
37
60
5
81
64
88
14
60
17
74
5
70
60
98
66
90
93
3
3
87
96
5
20
1
94
53
15
59
88
98
64
80
7
60
76
39
97
22
96
92
30
2
56
59
57
84
22
7
96
42
86
40
100
76
29
20
20
34
98
92
97
91
57
72
31
39
35
48
11
93
13
93
57
70
14
43
58
21
70
62
68
83
63
44
64
33
67
23
80
6
55
1
55
44
79
56
64
85
22
53
24
41
77
38
11
40
21
67
44
54
51
11
6
44
96
49
74
50
7
22
59
91
89
72
13
34
34
3
74
72
91
89
42
26
60
89
78
37
69
66
70
70
62
20
70
72
93
35
61
35
86
4
38
67
83
89
37
52
42
31
20
71
90
88
86
53
45
51
48
58
22
99
36
68
96
53
79
92
41
26
27
34
98
8
15
47
72
67
64
51
82
16
26
96
29
91
9
12
11
31
10
96
28
100
22
72
44
39
87
81
76
94
82
26
46
56
45
53
1
10
32
76
39
8
42
90
54
16
99
100
100
37
98
39
30
50
46
6
22
80
94
25
53
37
49
2
63
24
33
81
72
71
5
58
92
86
81
45
36
12
78
1
33
44
93
25
64
76
50
66
41
42
62
27
63
96
77
54
22
41
18
11
33
83
28
95
84
40
13
44
14
67
1
43
89
6
65
78
61
54
2
91
81
30
17
10
7
81
25
10
52
81
32
51
97
70
15
73
94
42
39
1
38
46
9
32
99
79
53
30
45
23
59
97
42
19
49
8
51
80
100
29
75
26
39
76
52
65
16
71
78
53
87
28
72
60
98
25
7
46
30
78
100
96
65
80
63
24
6
8
67
90
73
83
83
48
67
60
33
91
10
49
68
75
68
97
40
61
77
34
79
52
19
40
33
12
58
35
14
73
21
21
76
49
91
70
26
68
98
33
62
58
84
61
96
58
53
64
68
89
73
82
29
41
41
20
70
21
63
24
6
47
69
35
74
61
17
49
63
20
86
70
70
72
55
78
61
83
67
47
3
83
99
8
63
56
1
50
45
20
67
10
50
14
13
75
46
44
59
62
21
61
66
18
20
3
9
4
57
25
28
16
21
53
100
32
1
85
99
32
12
8
71
48
71
18
65
43
80
30
34
50
81
84
4
86
83
17
22
36
91
63
11
41
38
12
29
25
15
67
6
4
34
14
37
54
82
55
12
16
92
68
83
37
26
73
6
24
8
44
52
49
76
9
40
21
9
59
16
77
91
82
23
49
71
14
41
60
79
61
5
52
50
31
3
84
80
53
64
40
97
81
93
29
5
41
69
40
38
76
91
99
65
24
39
8
1
48
16
17
29
13
55
68
6
73
34
44
99
12
60
78
62
9
88
53
100
37
82
17
93
17
72
62
98
72
99
4
72
34
66
39
17
57
40
11
7
50
57
10
28
31
66
70
46
11
83
10
75
83
93
24
71
4
48
40
16
56
25
74
42
97
54
13
17
41
48
11
72
79
56
58
21
30
87
91
20
77
8
66
18
33
61
24
68
95
11
18
88
2
60
85
43
41
49
8
44
89
71
79
40
52
24
76
72
28
7
1
7
84
87
21
46
34
54
82
69
84
50
58
5
65
29
26
23
78
64
51
26
100
37
28
59
84
14
90
47
38
62
93
10
23
23
9
17
5
58
65
54
30
50
26
86
73
71
27
56
64
87
7
36
82
26
81
84
24
40
13
85
73
7
92
84
8
69
5
8
16
98
99
57
14
40
68
62
41
98
37
24
18
51
27
59
71
87
81
73
94
74
37
80
63
19
52
39
91
12
54
38
58
53
96
85
68
95
80
2
46
20
93
78
15
72
78
88
49
95
51
14
34
40
86
18
36
66
45
10
74
96
30
80
11
46
39
55
35
97
54
70
65
35
52
70
73
19
34
4
23
31
81
69
39
72
98
50
20
11
77
40
89
98
90
73
59
39
96
36
92
5
7
80
15
55
14
43
73
32
60
51
68
63
62
8
76
84
61
79
46
88
70
39
67
48
89
97
2
37
93
53
34
25
52
87
88
24
61
92
46
2
22
68
81
42
3
67
40
41
77
19
88
89
62
72
98
90
63
39
46
38
4
69
15
69
28
48
96
2
83
38
79
44
92
78
66
91
50
33
7
62
13
48
37
81
43
58
96
32
2
42
26
58
91
26
46
81
35
96
6
53
12
29
30
47
97
13
52
59
11
24
37
67
100
41
37
5
52
34
40
53
63
2
87
56
49
79
23
84
41
39
33
65
83
90
9
58
86
20
69
86
41
60
19
77
68
14
70
28
27
70
80
57
42
42
59
60
3
24
50
15
99
73
97
98
50
27
3
81
65
23
54
73
99
19
24
11
8
88
50
39
18
65
78
58
12
54
97
16
63
95
39
74
57
25
83
15
64
54
98
13
51
70
79
77
10
79
21
72
85
78
10
12
87
12
44
13
31
43
70
34
12
34
89
24
37
16
53
70
40
56
16
89
59
79
24
1
23
27
95
90
60
5
9
80
24
24
80
39
10
66
71
43
18
27
57
58
78
31
64
60
25
56
20
29
29
53
35
44
52
24
61
29
21
86
5
50
40
67
66
61
39
40
19
77
71
48
49
34
1
7
66
2
10
77
63
96
20
33
67
53
55
28
91
29
85
54
42
1
20
19
87
89
8
51
3
60
25
19
28
17
48
1
76
8
12
43
15
51
8
23
12
80
70
68
80
17
4
93
18
44
55
43
81
3
11
45
36
54
51
4
62
26
24
4
100
35
26
75
21
96
70
22
58
34
95
68
21
11
38
62
3
20
57
12
11
38
80
75
55
82
37
71
78
72
14
17
90
43
50
93
58
65
3
56
3
83
10
19
70
88
50
1
26
12
95
93
78
92
28
30
41
37
3
40
5
80
24
48
38
57
36
92
89
84
4
19
92
99
82
21
17
96
18
3
89
96
29
48
53
90
16
37
95
56
62
6
40
9
44
66
99
71
7
57
77
12
23
23
74
91
81
40
75
74
66
20
100
40
59
47
28
45
22
60
81
28
37
64
38
87
86
92
21
28
43
84
88
94
24
75
1
28
80
50
48
2
25
98
87
58
85
21
28
78
31
26
97
84
65
84
90
86
5
96
100
63
80
16
40
16
3
10
22
46
66
41
38
62
98
64
78
18
1
28
47
55
27
20
60
19
79
78
15
9
96
77
24
79
1
20
68
1
39
29
13
72
34
11
84
21
39
9
46
15
63
90
6
99
96
88
12
60
6
24
82
19
3
53